1130212
1233380
1247724
1250672
1250675
1250676
1250677
1250678
1250682
1250687
1250688
1250901
1251017
1263971
1282580
1282581
1282582
1282583
1282588
1282589
1282591
1282594
1282736
1282738
1282743
1282784
1283794
1293105
1293400
1293585
1356322
1356324
1358564
1363306
1363778
1367738
1381284
1404214
1422014
1424004
1426470
1426992
1428818
1429814
1451272
1457924
1464754
1465966
1467022
1467464
1469954
1472258
1474830
1485114
1488312
1502100
1502104
1523692
1523906
1524586
1524684
1524686
1524688
1524692
1524694
1524696
1524698
1524700
1524702
1524704
1524706
1524708
1524710
1524712
1525116
1525546
1529876
1530176
1530182
1530184
1531018
1531322
1531324
1538406
1538524
1538702
1538914
1538950
1539038
1539040
1539534
1540358
1544048
1544050
1544052
1544740
1544742
1544744
1544746
1544748
1544750
1544862
1545158
1545160
1545282
1569974
1570850
1571800
1571802
1571804
1577306
1577890
1577892
1577992
1578166
1578218
1578650
1578652
1578654
1578656
1600390
1600392
1600394
1600656
1601154
1601156
1601158
1601160
1601162
1602502
1602884
1602886
1602888
1603222
1603572
1604506
1604508
1605642
1605702
1607224
1607372
1607510
1607698
1614106
1614108
1614110
1614112
1614114
1614116
1614118
1614120
1614122
1617146
1617352
1618168
1618396
1618682
1619408
1620480
1620494
1621432
1621818
1621842
1621844
1647104
1647276
1647506
1648272
1648668
1648670
1648674
1648684
1648690
1648700
1650032
1650416
1650716
1651150
1652638
1652798
1654092
1654332
1678918
1680268
1680270
1680272
1680274
1680276
1680278
1680280
1680282
1680286
1680308
1680310
1680312
1680314
1680316
1680318
1680322
1680324
1681232
1682150
1682420
1685650
1685950
1686372
1686436
1693244
1694368
1695564
1695868
1696820
1698130
1698136
1698142
1698148
1698152
1698154
1698156
1698472
1700212
1700306
1726740
1726768
1727652
1728118
1728412
1728970
1731730
1732850
1732854
1733218
1733446
1734098
1734426
1734430
1734450
1734482
1734516
1734540
